0100101010110110010100010110101011010000001000110100010111010001000100000100010111000110001000010000000010100010010010100010101000111101001001101101100011001010000000010100011100000000001001000000001011110000010100100001101
0110110100100100100111001010111011010010000000000110000101010000010010000110110110010100001000010000000010100001001011010101001001011101101100101101101101101101101101101011101101101101101101101101011101010101010101010010001
1010100011000000001001010010011000101010110111000000001011010000110100000010010111000111000000011000010010100100000100110101000000010011011010010011000010100101001101001010001010001011000001010001110101011010100011000000110
0001010010010100101000000000101011010101001011000110100101001010000110000100110000110001010100100111011001010010010011010000111000001010100010010010001101001101001001101011010011011010011101001001000100001001110100010001011
0110110111001010010000000010000100101000010101000101000001010011001001001011010000010000010000000111010100100010110010100000000110100011100001001001100100100001100010101000001011011100000010010101010101101010011100100001100
0100100010000011000101010010101011000111000100101000100000011001000110101010110111010011001010010001001011000000010010000010010111001111010011010010010001100001101001000000000001001010100001000001110110110011111001110000110
0010110010011011001011000100101010101000000100001010001001000110100011011001010000001000010000101001011011010011010101000011011000111111011000001000000101100100010101001101011000101000001101000010111111000000011000000001011
1001010010111000100010001000000001011001010010001010101001000010000100100001010100110001010010011011001000101000100010001000100001011110100010011001001011010010010011100010010010010000001101001101011111001011011000100000101
0000100110101000101000101010111010000101000000000110001000010000010110011000100010110000110000010000101000000110100001000010111010100000010011011010100101010000000101101101101100011010001010000011000010100001001010000000101
0000010101000011010110110110100010010110001001001010010010101001001010110001000111011010100111001001010110101011000100101010011010010100000101011011001011001100010000100001100011101001101011000001110011011001000001000000110
0011010110111000001010011010110101000101001010110111000011001010110100011011011010011001000100101000010001000110101001011001010000110010010101001010100100001011001011010000101101101001000011001101101101001001110000000001011
0000011010101000110111011011000110001000111000100101011001001011000000000100111010001000110010101000101001010011001010011001000111010011010011000010011101001000011011101000011101000011011010011011101010101001100011100000101
0110100110110011000101001001010000000101001010000010010100110100011011001011000110101000010000110011000000101000000101001000000000110010101101100100100000001001010001100101011011010001101010010101010101010101001001110000101
1000110011001011000000011000101000100011000010101000110110010000111010101000001011010101011000010110001000001010101010010011001000011001000001100101000100001101100011000100001001100000101001101101110100011010110111010000101
1010101000111000000100101010100100011000100000101000101000010100000110100010011011000011000000000110010001000010010101000001010111011100011011100001010010001011011101100100100101010010100011101000111000111100101000100000101
0111000110011000111001010110000110110011011001000000001001000001001001011010011000001011000010011000010001001010100110000011000110101010000100011000100001000001001011000001011011001011011101101000010110001110110010000001001
1001010110110110110011010001010010001000010110110111010001000000000011010010100000000001011010111000010000100001011010000101010101001010001011101001101010000100100001101011001001101101000100100001111000011001110011010001111
0100111000000110000110110100010000111000111000111000010001000000111000100100100100100000101001000110001000100111011010110101011001011010011010011101011000100100000011000101100101100010100000011100100101010011001100010010000
0101000000100101001010010010111011001010010100100011011001011011000010110101001010100100000000001011000100001001001000110010001000110000011100011010011010100100001011100011010001001100011010001011011100110100100000000000101
0110000010100110101010011000010110001010010110010111010110110000101010010010011000110110110101000000100110010100110110001001010000011110001000011100100100010101001000011010000101011011000101000010011100010011010011010000110
0100010011000110011001001000111001011011010110010000000111010000010110111010010001000000110100000111010010000001001000000011010000110000101010000100101101100100010001101101001000100011000000010101110001110001000010000000110
0010001011010100000000111010100110110011010101010011010100011010001000110101010100001010010100010001001000001011011011000110010000011001000010011011100001011101001100001100011001001011100100101100000011110001100010000001000
0110010010000000101001001011010000110001010010000001000000000001000010001010001001011011000111000111011000101000010110100111000010101011101100011000100000011101100101000001000101101101000100011100100011000000010111000001011
1000111000010101011011000101001011001000110110010110001000110111000100001001000110110111010100100111001011000010100001010010001011001111010100000011100011101011101011101101001100011001010000011000110001101101110011010001011
0101011001001001010100110000111001000010110000011000101010010000110100101000110000010010100011010000110101000110110101011010101001010010000011100101101100001011100011001011001001100010010011101010111101001101001010110001011
0101000110000001000110010000110110001000000110001011010000000110101001000100001000000111000000110101011000010010000100000100010110101101011010001101100011010101000010011010100000011000011101100100000010101110001011110001111
0000110010011010000101001010011000100011000100100111011001010000110000011011001000011010010010000010110011010111001010010001010110001011101001100000010100101011010010000000100101101000011100101100010111100110011001000000101
0001010000101010011000110010110100100010000111000100010101001010011000111011000000000000011010101001010101000011011000101000011011010000001010101001101001000011011001101101010100101010010001001011001110110011011011100000110
1000101001010010001000100111001000110000110010110001010001001010100100110100000010000001010001000010001001001000100000011001001001001011001010011100101001101001010010001010010100100101100010001011011110010000010001010000110
0110000010010001010110010010100011010000000011001001010010111010011001010101000101010111000001000011010110100110000010011011000100110011101000011011001010011100010101011101100000011101000100000101000010101001010010110001010
0110010110000110110011001010110001010110110100010100110110100111011000111000011001010011011011010110110110001010001010010010111000001110001000100010001000100101001011010001000001010001001000000101101100101001011011010000111
1011010110000101001001010011011010110010101001011010110010101010010011000011001010000100110010111010000000001001010010110110000000001111101000010001101010010011101000010101010010011010001100000011100110101110101110000001011
0010110010010110110111001010100000110010111010110100000001001010001000111000100010100100110101000010000101010100110110000100101010111100000100100001000100010000000000100100000000010101000100011011101010111010000110010001000
0010001001001001000111000110010100010110000010010110110110110110010110000101010110010010010010010101001010011011010000100110011000100010100001001010010011010011100001011010001001001010011001101100111100010000110001110001100
1011010110010111010101011010000110000000010110000000001001011000101011010010100001011010011000100100001010110100100100011010110000111011100101001100010100010010010000010000100001011000000001100000101001101001111101100001100
0010000110100010000001000101010010010000110000000101000110100001010111010110100111011001010001011011001001000110101000001010001001011000000011010011000011101000001011101010001001000010000000001001010001011111100010010000111
1010100001001001001001001000101010101011011011001010011000000011011000000100100000000000110010111010001011010110100000010011000001011001001001101001011010010001101001001011100010101011010101011101000101000111111010100000101
0110101010101000110000000000010110100001000010111000110110110100011000010000000000010110000101011001010100011000100001010010010000001010101100010011100000101010100100010001101011000000011011001011111100110000010000110001011
0000100000010101011000101011010110000000010010010000010010100000010001011001000000101000000110001001010000110111000010001000111010010100000100101001011010100100010101011010101101100011101000101101111010101001100000110001010
0000001000000011010010010100101011000001010001000110110011000101000000101000111000010000100001001010110111000001001010000010100110000101010011100100011010000101010011011000010011000100010011101100010011000101100100100001000
1000010100000100100111011000010000000100011000100001010011000010000001000111011010011010001011010010000100100000110100110011010000001001010100101100011011010000010100101100100100010010001001100000001000001111010100000001000
1011000001010100011011010000010011000011010010000000110110100000010001010000110010111000011001010100100100011010110011000100001010111001100011001100001000100001001101001101101101101100011100101101001111100010000001000001000
0010010011011010010111001010110000010011010100100000011010011011000101010101011001000011000000001001010011011000010011000001010100100010000001001011001011000001100010101101001011010100001011100100001011100111011010010001111
0101001000011000011010010110111010000110110110010101010010110010100000011000001010110101000100000010000010000000010111010110110110100010001000011010010100001010000001100001011001001010100011010000011111101111010000110000101
0100001001011011010110111011000011011001011000000110110110000110010110111000100000111011011011001000000010001010110110010101010011000111011011101100011010001100010001001011001010010010011011101101111101111110101011110000101
1000100000111000011001010000111000000001000100000010000010010010010001001001011001000000000010100001000010000111010101010001011000011100101001011011100010001010011001100011100011100001011100011001100101010101100101000001000
0100100100101001000010010000011011011010110011011011001011001010100000000100100000010101010010101000001010000100110000110111000110111110101011011101100011100010011000000000101000100001101001100100101100111000001101000001011
0010110110110000110010011000100110000010110110111001000010010010010010011000000100000101000001011000000000010010101010100110010100001111010000001010010101010010000011010011100011100010000010100010100110100110110100100001111
0000000010101011001000100010100101001011000011011000101001010011010010000100000010000010010100110001001011000011000000100100100011010000001100011101100000101100011101010011011100010010010010101000100011100001100100110001011
1000011010110000100101010011010110100100000001010110010110000001011000101000101000010000010110100100010001000110011000100011011010001111000000100101001001010010100011010001010011100100000100100011101110110100001001100000111
1010001011010110100011011001010110110100000100000111011000000011001010101000110100100100100110110000011000111011000100100000111000001001000011100000000000011100100101100101100101001000001011011011111000100110100110000001011
0001011010000010110100101010111010010100111011011000011010011000001000100010100110000100100101000100100001000001010011001000110100110000000101000101010100100011100010100000101011101000100100010001011111010110000111110000110
0000110000100000111011010010101000000101010010110010100100000000010011010001010111000110100000011001001000110100011001010010010101010001001011010010101100101100010001101101000001100001000011100001000100101000100000100000110
0010001000110111010000110110110100110011010001010001010000101010101010101000100100110110110110100011010100001001011000001001011010101110001100101000000011010000001010001100100010001010100001100010100000111010110111000001101
0100000100011000110100001010110100011000000100000100011011000110011011010000010010001011010010010010110101010110111010100000110100010110001001010010100101010101001100001100010000100100100010010101101001010011001110010001011
1010110010010110010110010001000000110110101010011011011010111010101010010000101011000001000000011000100010100100101000101010110010100011000100011000001011100000010000100001000000101001001001101011101111010110101111000000101
0000110100010000011010110100100010101011010000111010001010010101001010010110111000110000001000100010110101000001000110110110010100110100010101100011101000101001000100101101010101001101001100100101000111101010001001000000111
0000000001001000000100100010110010000000010010011000000100110110100110010101001000100100100100110110000110010000010010000100111010110000011000010011001011101000010011010010101100100101001000001011001100100111100001010001000
0100110000011010001001001000000100110101010100100000100000110101001011010000110000110000000000000000010101010010111000100000100100101010011010010000000011001000011100001101011101011001000010011001010000000001110011000000111
0001000110111001010010011010110111011011000000010101010110010000110110111000100010010000101000010110000110100001001011000000000110100110000011010101100010101011001000010011010100010010010000001010010011111011111110110001000
0100010100111000000101000010000110101001010000011001010010000011011010011000010010100010111000010110000110110110010110100000011000101010011100100000001011011001000101100101010011101000010010000011111001010011101000100001000
0000001001011001000001010010100111000010100100001001010010101000100110000100010000000111011000000001010010101010111011001000100110001101100000101001000101101010100100000000001000101101100010101010010001011010010111000000110
1001000001011001000101000110110100001000000000101000100110000100000010101010101010101000101000000101000010110010111010101001010110110011011011010010101010100010011011000010100001000101101001011101010101111000001001000000110
0000110100010011010100000010100010010000001010101011001000001010010010100110101010010010111001010110000000000100011000001000110100111010000011100101000000011001000010011001001100101101010010001100110111011001000001000000111
0110101000001011010101001001000101001001000010000100010101011000011001000100100101011010110001000111000000110001010010110111010010010110000010010000010101001010011010101100101010101000001010010010111101000100111001110001011
1011000000100000010010100100111010001000100011011000110110000100000011010001010101000110010010011011001001000100101010110000100010011111011011000011011001000101001101011010010000000010100011000001011001010000010001110000101
0000100010110000001000000111000110100100001011000000110000110001001000010111011000010010010000100010011001000010110110010010110010001011010101010100101001001011000000001101010011000100101001100000101100010111100101000001011
0001000001011000000011011000110010100100010000100010110000010100000110010000000100101001010011010100110001011011001010010000100110111010000100100000000011011010010001011010001010011011011101100011111001010110010001100000110
1001010000010111000010011011010100011011010010111000111001000001010110001010001010000000010100010001011010101010100110110110100001010111101100100100000000010101101010000011100000000100011100101010101010111011100100110000101
0100111000001000110000111010111000000111000000000101010100110110100010111000100000110110010000001001000110100000010100101000011001010011011011010011010011001011011101100001101001101001011001101000000001110110101011110000101
1010110100000111010100111010111001000100001010010111011010000100011011001010101010000010010010101011000111001011000100101010011000000000001000001100011101010101100010010000101101010000010101010001100010111000101011010000101
0110010110110010000010111011010111010011000001000111010110001010110011010101010100100100101001010100110001010000110010110100000010011111011011001101000000001010000001100000100000100000000011010101001101010111101000100001001
0101011000100010001010111001000100111000000010110000001001011000100100001000011010100100110100110101011010110100100010111010011010110010011101101001001100100101101100100001000101000001000010011001010011000101111011110000101
0110111010010001010101010010000100011001001011010000000010100110011010010000110010101000100010010011000011001000010111010100011011010101001000001001010000010101000000000011001000001001010001001000100001000001111100100000110
0011000100110000001011000001000110110101010000110100000010110010100100001000000100001010001001000110100100110100100101000000111011001110000100100010000001101010010011101010010010101100010100000010111110000111000000110000101
0100000010001000000110110011010001000000010010000101011010100100010001001010010011000000110000110010010100110010100010001010010010001101000010001000010100010000101000011010010100101001100011010101000100110001100110000000101
1000100000000100000011010001000100001001010010110100001000000110100110011010100000000000100010011011000000110001000010001010010000010101000010011101000010001011011000100100000101000000011100100010010000111010001001100001011
0001010100000100001011001010001010010100010011011010110010011010101000100000100000100010100010110110100100101001000111001010110111001100001001101101011100000001000101011001010100100101000101100010001100110100101101010001100
0011011010000010111010110101011011011000101011000000100101011010110110110100100010000111000110001001011000100000110101001001011010101111100010000011010000011011100101100101011001000001001011010000110011001101111000100001101
1011010101010100111000110000101000010000001001010000011011010010010111010011001010100000110110011011010011011011000000001010010101011110011011100010000011100101100010000010101100101100100100000000111010101100110011100000101
1010010100010000110100100010110111010010010000010111000010101001010111001011010011010110011000001010000000001000101000001000101010111000101001001011010100010001001001100011011001001000101000011010111110010001101011000001001
1011000001000100110011010011000011001010111011000110111001011011000000101000100000110100011010110110110011000101000010111000010010011100011010001000101010101001000010010010101100100001001101011001101010000010101010110001010
0110101010001010010100010000001010010011001000000100000110110101000100100010101000111001010010110110100100000010011001011010001011000000000101010010010001100010100000010100010010000101000101101000000010100110000001110000110
0100110100100110101000110010000100011000000100011000011000010100000110010111011010010000000101000111010001010011010110110000010010110000011000101010000000100011101101000010100101000100001001010000010010100011000010000000110
0000010110111010110111011001010100000011010000010011001001001000011010001001010100000001000100101001000110000110111010000000101011001110100011100001100100001001010000000100000001010101001010011011010111110010111111100001011
0000000001011010100001010010000001000110010000100110100001001000110111011001010100101010000100101001010111010011000010111010110111011111011000000001010011101101010100001101001000011100100101010011101110100110100000110000111
1001000100011001000100100101000000011011000110001010100010101010110100101001011000000100110001010001000100101010010110100010110111011111101001011010100100011011101001001011000000000101010001010011001110111101001111000000110
0011000000111010110111010010010110110110010000000001010110111011001001010000110000000100001010111000011000110011000101001010100110110110000001100010000001000100101010100000001011011101010100100010100000101010110000000001011
0110100100011010000000111000000000111010000000010001001000000001000010111010100000000111010000110010110010111010110111000100101010101100010000100011011011010001010101011101101010000011101000001000100100000010110001000001001
1001010100111011001010000100101001001010001011001010000010010000010101011010011010101000010100110000111011001001010011010001000000100100001011000100001001101100101000100101001000100101010011101101010110101100011011010000101
0001001000010100110000001010110110001000111010100100100001010110110001010000010011010001001010110111001000100110001001010100001011001010000101000100001000001001011011010000000101000011010011011011011111010000001010110000110
0110000011000100110001010001000000100100011010110010101010000101011011001011001010110011011001000111011010110111011000000001010100010110010011101101101001010100010100101000011011100101011001000100001111101000000000010000110
0010000010110101010110110101010001010100111000001011001000001000001011010011010001000000111011010000110000110001000100101001000100010101100010000011010000010000010100001011010011011000100010100011011100010011100011000000110
0101011000110000000000010010010100001000000000000001001000100010100000101010000011001011000111010110101011011010100001000010110111010111001011011011100010011101001100100100010100101011011011000000101111111000001010110001111
1000111000010110010000100000100110010000101010000010100100001000010001000100111010101000100101001010010110101001011010010110110100110010001001011010100101101001001010100000010100000010010101011101000000100001110100000000110
0110111001001010111011000011011010011000011010001001010101000110110001001010010111000110110001001000000010010010100000101001001000010010000010100010011101000101100001101000100001101010010011011101001110101010101000100000101
1011001010010011011000010000100111011001010111001001011010011010010001010000010010001010011000000111010001000110010110001000000000001000011100011000000011101001000101001001101011001000010100001101110100110011010110010001001
0101011000011000101010100011010111000100000010001000000011010000001011000100001000110010010011010010111010111011000000000111000111000010011010000101000001101000011000011100011011000010101000100010001110101010110110000000101
0110100100101010110010101000001001000010010100010001010100110010111011010001000110010000100110101000011001010111010001010100111000101011001101101010001100001001001101011011100010010010010100100000111101011100100101010001010
0110011011010001000000111000000110101000000111010010111000010000010010001010001001010101011000101010000011000111010101000100000000110111000010000101101011010011011010101100101101011010001100000000110111000001011010110000110
0111001011000000111011010110110001001010000011011000000110011000001010110110110110100010110100010100110001001000011010110011000011011011001010001011011101000000011011000010000100101101011010100100000010011011101010100001101
1001001001011010111010100001001000000111000100101000010110010111001001001010101000101000000000011010100000100110000111001010001000001010000100000010101100011101101011000101000011001000001000100011010010101001100010000001010
0000110000010000111000101000110111001001010111000101000010100011010101000101010100101010111010010100010001010010010111000000100110010001101100010011011101010101010011001000010101010101010011010001101111011110001010110000111
0011011000101000010100101010001000110100110101001000100010101010110010001011000011011000101010010001011001010100010000110000010000111100010101010000010001000010100011011010011001100001010011101000011100010111111111110001000
0100110001000110100011011000110001001000001011010101000100111000000100110110010001001000000000000000010000000011000111000110000001001001100000101001101000100100001000100101100001000001010000101001101110101010111101010000101
1000010000101010001000110111000100010010100110110101011000010100100001011000000001000110011001010100011000001000111010110001011010011001011001101001010010010010100001100101000001010011100100011000001111110100110001000000110
0000100000110011000110001000110101000010000000000100111000100100101011010000000100101001011011010000100001010100010000100100101000001000010001000101010011011001000011100011101101000010011011001011001001000001101100100001101
1011010001010100011010001000110110110111011010011010000100000001001001010010010100010110001000100111010000010001000100111010000001001100001100011100001100000011001100100011000010010100001000000001111001010010010000100001011
0110100100011010010001000100011010010111011001010000010110111000010000100000110011000010111011001010000001000010001000110111011000011100100000100000001000101000011100100010000011101100100000010011011001100010101110000000101
0000110000110100011011001010001010000100001000100110000000110001000110001010110010011011010101011000011010110100000001000000101011001011010101100101011000010010000011001001100010001100010000001000100100101001000110100000111
0011011000100101000110000000110111010100001011010100111000101010001001010110010101000101011010001000101000000100100010011000000110001011011010011011101100100101101011101101000000010000000000101011001001010000011001110000110
0010011010000000010011010100110111010100110111011000100010010010111011001001010010100011001011000110001001010000010000101000111011001100011010100011000100100101001101001010101010100101001001001010110011110011010101110000111
0111011011011000100000111011001001000110100100111010101010010010011000101011010111001000011000101000000110010011011011001001011000011000001100011010000011000100001100101101101001011010101011010011110000010001001101100001100
0100010101010001000000000000111011010100111000100101011001001010110010011001010000010110101000000001011010010101001000100010001011000100000101100101101001010100001010011011101011011100001010010011010001101110110011010000111
0101010010110010010000010011011001000111000010101000000100110110110100010010100100010100011000000111011000110010110100110010001000111111100011000101010000011011101100000001000100011000101010100001000110111101110111010001000
0101001001010010000100010010010001011001010101010010100101010111010010110000000011011010000010010011001000010010101000010010001010111101101101101100000001010100010000010010011001000100000000000011011100010011111101100001100
0010010001011000101011011000000001000011001011011001000010110100000000001010000000100100010110010100010001010000101011000100110100001110011001000011001101010000010011000011101000100001000101100101011001000010101000110000111
0010010110000010011010110010011000010001010100101010101010011010010100100010100110001000110011011010000110011011001010111001000010100011100011000001001100010000011011000100010000101101001100101011011111111110010101100000111
0011000100000110010001001000010100111011001000100010110101010001011000100100011000111011000001001000110111001000011000001010001000011000011010101101100000011011010000010001101101011010000010010001110001010101110000110000110
0101000010000100110001000111010011000000000010011010000110100111001010111000001001000101010001000110100001000111011000100001011010100001001101000100100010011010011100101101001101101011010000011101101101111011010011000000101
0110000000111000000001011001011001010010001011000111010010100100001010011000111000011000100110000010010010111001010010000100110111011100100000100000010000010001011001100101001001001011100010100011000110011101000110100001010
0110010100100101000110101010000000100110011000111011011011001000110000010101000010100000000011000001010011010110100001001001001011011010001001001001100101101011101100100001010101101001001010000100011001101010011010010001001
1000110111011000111010111011011010000111000101000100110000100100100010000111000010010000110110001010011010100111001000100010000010111011011001010100100000011100001001011000100011011010101010010000101100010001001010110001110
1000000010010100100110100100000100100110110001010011000110010001001010111000010001010100101000100000000010100110110011000000100110101100101010100101101001010010100000100001101010011001011010001101111000000010110001000001011
0110110110010001001001000100000001010111000110000010100100110101000101010111000110001010110010110101011000111000000110010000011010011101101100011100001001100101001001000010001010100101001010001011111011000111101010100001011
0000101000011010110101000110101000010101000010010101001011010010110000111001011000010101000010000010111000010110010110010100010000101101010000000011011100001100101000011001010101011010010100001010111100001101000011010001011
1010100100010100010110110110110100010100100000000110010110100111010010110111000000000010011011000000110100000011010100000001010001010010001101010001000100101101100100100010001101010100011010011010111110101011111101010000101
0101010111000010110100110100101010001010010010111000010110110010010000111001011000101001010110110111000001001001010010100101000110001100010100010101011100011101011001101001100001100100001000100101101001110001100010000000111
0101000110110101011001000001010101001001001010011000110001001010000000011000100100010100100101010010000100101000110000110000010100001011010100101100010000001001010010101001010101010010001010000101111110110011000011000001011
1000110011011001011010001001010010010110010110010110011011010000011010110001000111001010110110010010010010000100100000100101011010110110001010000100010011011001100100100010010010100000001001010101010100000000100010110001111
0001010000101000110110110100011010111010110010000011000100010110001011000010110101010010000011010001000010110101000111010111010100100001001011011000101011101000001011010011011101000010000000011010110000100010010000110000110
0101011010111010101011000001000111001000100111010111011010100011000100110100011000011010100011011010110011011011000010110110101000000110011011101010010100000100101100011001010011010001001011010100001110001101001100000000110
1000000010010110010010000101000110111000100110100000001010101011011001000000000000111010101011011000001010010101011001010011000000001110001011000010011011010011001101101011100001010000011011011001101000010000110111000001010
0110010110100100000101010011011010000010000010001010111010100110000011010010001010000010110110000011000110011010110010110000111011000100010000010001010011000101011101001100101001101010010001001001010001111110010100000000101
1000100111010111000010100110000000010010000010100000010110001010100010010001011000101000101010100110110111010100100000100110101000010001100010001000010001001010001011001001011010001101101101100100000000100101000011100001100
0100110101000011010111001010100100110011010011010001010010100010010111010110000011011000001010000110011010010100110100000100110110010110010011101001101011010010011100011000100101000001101100010011101000011011001111010001010
0110101011011001010100111000101010111000110110000010011000110000011010010111011010101011010011000101000110000111001000000110010101011101010000100100100010011001100011101100001101010001100100001010000011010100100111110001001
0001010001000000110011011000111001000101010111000111001010110010101000110101000010011001001000100011010110110011010011010011000111011011100000101101101000000100001011101100101100010011000010011001001011111111000010110000111
0111001000101000010001001000000010010010110110100110110110110000010100100100000100110110100010100001011010110000110010110110001000111000100101000101010000000101000010011101010000001001101101010101011111111101010110110001010
0010010110100000010000000111001010010101001010100110100100000010010100000011010111001010001010110110111010000111010001000000000011011010010010100010100101001011000000101000010011011010100010000011100001001100100000100000111
1010101000000000000100010010010011001001000110000001010101010110100000100011000010011011010110101000111011000010100100010100110101001110001001011001010000000011000010000101011000011001000101000100111010101111010101110001011
1000101000000011010001010000000110011011000100011000100010000101011000110011010000111000100010110010100001010100010101011000100110010000011100000011101001011011100101011000100001100000010010000000100001111111100010100000110
1010000000000101010100101001010000010001000100010111000100110110100110000100110100110000101000111000111000011000010110100010110110100000001010100000010101000000000000011010001101001010010001011101010001100000011100100000111
0000010011000000011010001000101011010011000001000010100100000000111010101010100111001010010110100010000100010011000101000000001000101100101010001010011100101001011100011011100001100001101000011010000001001110010100000000101
0100011000000111010010001000111010000101001010100010100100101010001000111010010111011010010011011010000000100110000101000010010110111101001101010011101101000011100000010000011000010011010001101100111010110100110011000001010
0001001001010100010001001001010100111000110110110000111000000001010010100010010110100101010000100000011000110010100100001000100000111111101000001011011001100101001011100101101000100001011001100101101100100110011011000001010
0100111011010101001000110000100000001000010111011000000100001011000111001001010110000111010000001001011000011001011000101000100100111110001010101101011100010100011100000010011000011001011010011101101011111010000100000000101
0010010000000100100100010010010100000101000100000010100010010110010111001000000110100011001011011010010110100011000100000111000001001001010100100000010001001001000011000101000000011001101101101010101011001001001110010001000
0001000011000110110110111000000010000010110110010111010001000000110010010111000001000110100000100110011010000010011000011010010110001001100011011010000010100010000101101101010001101001001101001001010101010111001000100001010
1010111010110111010010010000110001011011000101000000001001000010111011001000000001011010010001000100000001000110110100010001010000010001011010101011000010101101010101000100100011011011011100001100100100011100011110010001010
0110100000010101000100111010010101010110111010100100110111010111001000000101000001011011010100000110110001010100100110001000010100010111100011000101001001101010101101010101001001100011000101100100000111101111010101110010010
0101001010010000001010011000010000100010001011000010111000110100110001000011010100010100110010010000111010100001000111011000101010100010011001001010101011011101001001010000000001001100100100000100100110010100100101100000101
0010001001000001001011011010000110001010010110100110110110111010111000100110110100110011000100011010110011010000110001010010101000111011010010010001001001101000101010011001000000000100011001101100010101011011111011000000110
0000011000011010101000100000110101001000100101001010101000000010110101000110010000000000001010111010010100010111010110010110100100001011001101001000100100001000010010001011100100000000101010010100000111100100110101000000111
0110110101010010010000010010111010011010010000100101000111010100101010101011011011010000000000100010000000010000101000110000110000110011001101011001011011011100000011011000011100001011100001101000010010100010001111000001101
0100100100110110001010101011010011011011010111011000110111000000000000100000100110110101010000100001001001001010011001001000110000101111010001001010000101101000001001100010000010010011011000101100101100000000110011110001010
0011000111010000110110000010100000100000010100100100000010011000011010111001010010000010101000101000010111000100110100010000110110000110100011011011001000001100001010100101001100101011001010100010011010001000111101110000111
1001000110100100100100101010110100101010100100100111001010101010100000100010101010101010100010101010100110110100000001000101010001001011101011001000010001010010101010001010100011011000000001000001101010111000111011010001111
1001010110011000000000000001000111001010010010101010000000000100111001010111011010110000100100110110000101000000001011010011000101001001101001000100011100101101101101011011011001100011010100001001001100100001100011000000111
0000010101010000110000000100110010101011000100111010100101010011010111001001010011001010110000110011000000001010110000010000100010100010001010101011000100001001010010011001100100011101101000011011111001111100001110010001010
1001010001000001010111010100101000000110100100010000100100101000110101000100101000100000011001001010001000101010111000000000011011010010000010101101010010011001001001000001100010000011000001000000101110110011110110100000110
0011000010010100110011000011000100010110100000100110101011010000100100010011000001010110010010000010110110100001000000111001010100101001011010100011101001001100010101010001101000001100010000001010101010101001110010110000101
1000001010110010110110111000000001000100100010010000111010100010110000100100110010010000100001011011011010101000100100111010101010001010000001101001000000101001100010100100101010000001010011101001001110110110100110110001110
0011000101011001000011011000011011000000100111010101011010000110010010100100110100100001001010100111001010111000000100111010010100110001001100000101001011000101100001101010010101001011000000000100101000111110111110110000110
0011000100100110101000110001001001001011000100011001001010010101011000100111010111011010101010000001000100011001010100010010100100000100001010000010100010000011000100010100100101010101101001001000001000110001011110110000111
0100110101011001000000001001010110010111011010110000010000101010011000010110100010110000100010111011000000000110000000100000000100110011100101101100010010101011101011100001010101101000101000100100011000000101110111010000101
1000100111011000101001000100000110101000110001000000100010010000011010000001000101001000000010101011000111001011000110011000110000101111100001001100010000000101100011000101011000101101010011100001110110110001100100110000110
1000100110110001000000101010101001000000000000010011001011000001010011000100111010110011000010110111000100100011001000111010111010010101010101101011000011010000001001100001101001100100000101100000001111111011011011110001100
1000000001000010100100100111010110111001000000000000110101010100001001001010100010000110000110000000101011010010101001000000101010110000001010001101101010100001000001001101001000100010010011010100010000101110111111110000111
0100001000001000000000101000010010001010110001000010100011011010010100010100110010000010100000101011011011000001000010100001000010101110010010100000001100000010001000011000000010101001010011101001100001100101101000110000110
0000111000001011001011010110110000010100101000110101010111000100000101011000011000101000111010101010100000100010001000111010110011000110101101100010001011101000100011001000101001010010001000001000000100011101001111110000110
0101001001000001010111011000110110000100110000011010010110110000100100000100110100100100000011001011011001000111001000000111000110001110011100101100101000011011010011001011101011000100011011011011011010000001110101100001101
1010000010110010101000000001000110010000011000000100010100010000111011001001010100100011000000100100100010101011011001000010110000101101010000000101010011001011000101011001010011010010000001100000000111100011101011110001100
1010110110110010010000101000101001000001001010111000000001010101011010110001000110000000100110110001010010000000110011001011010000111111101001000010000011000011101000010001010100011100100011001001001011000001101111010001010
0011010001010100111000110001010011010010000101011001010010101001010010100000100000001001010000010001011010111010011011011001000001010010101101000010011001100101011101101101011100011011101011010101000010101110110010010001000
0100001010100000100010010011010000010000110010001011000101010000000111010011010001000101000010011000110101000011000111010100100011001111011010100001001010101100000101101001000011010011100011010101101110001010100001010001011
0110100000010101010000100000110110110000011010110110100010110010101011000111011000001000110010111010110100110100000010100001000010100110100101101010010001100000000100101100001001001010101100101010011000100011000100100000111
1010010010100000111010011010010101010010101010100001000010000101001010110100010001000110110000110010011000111010010000111010000100110001101100010010000011001100101100000011010100000000011001100000110001110010000010000000111
0000100111001010100110100011011011000010001011000111001001000001000110101010001010111000110011010101010000010100010111010110010100100000011000000100010000101011010100010101001101001000100101000101100101111110100010100000101
0101000100100100000111000111001010001001000000011000110010000100000011000000100000110101001000011010111000110010110010010010000001010100001101001010010010000101001010001011010101011100000100100011101100110011000101110000111
0111000010011000000111010011000110010100100101000111000100100111000101000000010000001001011010100010000100100100100100010111000001011110011000101010000010101010001000011101010000101000010011001101101101101101010001100001010
0000100010101000100111000101001000110111000000011000111000110011011010110010000000100010100101000010000010010100010100010010110111000110010101000100010000001010010100010011010000010010011001001000010011100010000100110000110
0000000010011000100100010011011001000100011011000010011011000001010100010000110110011000010001000111010101000101000101000110110101010110010100010100101000100011000011001001011000011000010010101001110001001110110011010001000
0111010110110011011000000010111000000000000010010010000110000101001010001010010101000111010000011010110110100010110010100010010110010010100011010010010100101011101011011000001011101101011000010010000101001000111111100001100
1010101011001011010110000100111000111010100101010010000001010001000000010101000111000100011001011010000000010100000001010010110010100011000001000001010011011011010000101010001101010100100010001101001001101111001111000001001
0111000100100000011010110010011001010000000000011001000000000010100010101010110001000010010100010110110110001010101010011000000011011101001010000011011001010010001101011100001001011011010010011101001001110111100110100001101
0000000010100001000000101010000101011000010000011000000110001000010010100000011011010100101000000100010110010000100111000010100110101100001001010010001100001010101100100101001010011000101010011010000000110110111100000001000
0001000110110100001000100110000011010101001010011000110100001010000010000110101010000010001011001011010100110100100011010100010010100110101100101000010100010000101010011101011000001011000010010101000010010110110111000010101
0001011001000000000101001010100010111011000010110100100111000110100110100010010011010011010100001000011001000110110110010000011010000101010100011000000100100000101000100101101100101011101101000010101100100010101101000000110
0110111010001000100110010001011001011000011001000111010110010101010011010001011010101010010100011000001011000100000100111010010100010011101100001100001011011001000100001001101010101001001001010011000111110100001001000001101
0100001010010110001000111001001011000100000001010100110001000010000011010101010000000110100110100010010010010000010100010001010000000011001010100010100010001010100010101010101101011101011100001100101010010111010010110001000
1010000000101000110010000001000000011011010000000110101010101010010101011001010100110000010110101000110010000101010110000011010011010001100010010001100011000000101011101010001010101000000000101000101011001011111010110001001
1000101000010001010001000011001000100011000001010011000100100110010100011000111001000000110110100100100110000110000010110110011000001100011011011010010001001100101001100011100001101101001101001101010001000110011000110000110
0111001001001001000000111010110101010000000100000111000110011010101000000010110010110011001010101010010100100010010000101010110110111110101100100100100011010101001001100101001000000101010001001001100000000110100110000001101
0101000100000110010100111010100110110001011010100011010100110000101000010100010110111000100010011000101000100100110110111001010000100101010101000101000011101100100100000001101011100000101000100001111010101100101001010000110
0010001000000100011000010000100100010100010101011011010000010011011010001011000010101000100011010000111000010111011001000011001000011001011000100001000001011011011001011010011000001001000100100100110001011000010011000001010
1010100000000100110000100101001000101000111000010100000001000110111011000110100111010101010100011010110000010010110010110111011010110000100001000010101011100101101100100101101010001011000101101001101011101001001010010000110
1000001000000000101010000100001010101001001000000010110101000010010001011000100011010011010101000011000110000101010100011000010000100000100001100101000101000011001011010100000100010000011000000100011011100111011111000000110
0110110010000100000111010010001011000100111011011011000100001011000001010010011001011010110000111010000000000111001011001011011001001010000100011100100010011100001001001001100011011000001010001100110011101011000111110001100
1000010000000010100101010100011010110010111000000000110110100001010110010001000111001010000001011001000100110111010001010100100011011110101101001010101010100011101100010010101000000001011000101100010000111010001011110000110